20
7
0 1252 4013 5473 4431 3284 4877 1854 3793 1477 594 3004 2971 4225 1097 2713 3351 4435 2124 3437
1252 0 5127 4615 5545 2426 4019 2968 2935 2591 1708 4118 4085 3367 1061 1855 2493 5549 1266 4551
4013 5127 0 9348 1572 7159 8752 3391 7668 2670 4081 2211 2512 8100 4972 6588 7226 630 5999 2518
5473 4615 9348 0 9766 2637 1166 7189 2854 6812 5929 8339 8306 1836 5282 4188 3564 9770 4511 8772
4431 5545 1572 9766 0 7577 9170 3809 8086 3088 4499 2629 2930 8518 5390 7006 7644 1994 6417 2936
3284 2426 7159 2637 7577 0 2041 5000 957 4623 3740 6150 6117 1389 3093 1999 1375 7581 2322 6583
4877 4019 8752 1166 9170 2041 0 6593 2258 6216 5333 7743 7710 1240 4686 3592 2968 9174 3915 8176
1854 2968 3391 7189 3809 5000 6593 0 5509 855 1922 2382 2349 5941 2813 4429 5067 3813 3840 2815
3793 2935 7668 2854 8086 957 2258 5509 0 5132 4249 6659 6626 1606 3602 2508 1884 8090 2831 7092
1477 2591 2670 6812 3088 4623 6216 855 5132 0 1545 1661 1628 5564 2436 4052 4690 3092 3463 2094
594 1708 4081 5929 4499 3740 5333 1922 4249 1545 0 3072 3039 4681 1553 3169 3807 4503 2580 3505
3004 4118 2211 8339 2629 6150 7743 2382 6659 1661 3072 0 1503 7091 3963 5579 6217 2633 4990 1635
2971 4085 2512 8306 2930 6117 7710 2349 6626 1628 3039 1503 0 7058 3930 5546 6184 2934 4957 1936
4225 3367 8100 1836 8518 1389 1240 5941 1606 5564 4681 7091 7058 0 4034 2940 2316 8522 3263 7524
1097 1061 4972 5282 5390 3093 4686 2813 3602 2436 1553 3963 3930 4034 0 2522 3160 5394 1933 4396
2713 1855 6588 4188 7006 1999 3592 4429 2508 4052 3169 5579 5546 2940 2522 0 2066 7010 1751 6012
3351 2493 7226 3564 7644 1375 2968 5067 1884 4690 3807 6217 6184 2316 3160 2066 0 7648 2389 6650
4435 5549 630 9770 1994 7581 9174 3813 8090 3092 4503 2633 2934 8522 5394 7010 7648 0 6421 2940
2124 1266 5999 4511 6417 2322 3915 3840 2831 3463 2580 4990 4957 3263 1933 1751 2389 6421 0 5423
3437 4551 2518 8772 2936 6583 8176 2815 7092 2094 3505 1635 1936 7524 4396 6012 6650 2940 5423 0