32
0 1040 1744 1862 1227 1393 1215 1105 1470 1385 1282 1908 1578 1083 1572 1081 1602 1850 1928 1467 1899 1260 1847 1426 1795 1413 1180 1579 1469 1295 1286 1976 
1040 0 1068 1636 1973 1481 1188 1433 1355 1064 1151 1731 1511 1074 1769 1922 1217 1320 1523 1336 1607 1564 1707 1239 2015 1275 1580 1712 1483 1093 1577 1823 
1744 1068 0 1834 1935 1780 1029 1368 1449 1499 1840 1032 1350 1278 1416 1437 1735 1269 1375 1351 1264 1119 1906 1291 1057 1374 1259 1035 1115 1933 1958 1510 
1862 1636 1834 0 1738 1702 1765 1111 1163 1123 1172 1346 1242 1688 1792 1873 1174 2037 1916 1150 2007 1750 1959 1667 1825 1061 1161 1805 1301 1590 1199 1329 
1227 1973 1935 1738 0 1691 1659 1884 1653 1030 1868 1472 1915 1925 1459 1926 1737 2035 1640 1240 1748 1514 1507 1335 1827 1671 1593 2025 1877 1152 1632 1258 
1393 1481 1780 1702 1691 0 1843 1996 2005 1237 1699 1787 1568 1191 1405 1134 1326 1333 1092 1747 1698 1204 1539 1277 1845 1066 1436 1796 1970 1331 1071 1829 
1215 1188 1029 1765 1659 1843 0 1175 1049 1497 1488 1122 1966 1395 1913 1073 1527 1293 1369 1978 1348 1037 1584 1777 1045 1648 1841 1567 1486 1280 1409 1955 
1105 1433 1368 1111 1884 1996 1175 0 1396 1635 1681 1420 1116 1503 1121 1249 1573 1218 1997 1379 1598 1547 1153 1614 1692 1649 1394 1601 1717 1054 2046 1865 
1470 1355 1449 1163 1653 2005 1049 1396 0 1231 1947 1181 1923 1236 1491 1981 1438 1937 2013 1999 1316 1245 1391 1936 1595 1146 1532 1464 1406 1404 1358 1142 
1385 1064 1499 1123 1030 1237 1497 1635 1231 0 1352 1412 1530 1401 1766 1256 1917 1500 1745 1079 1508 1950 1450 1342 1451 1445 1555 1343 1891 1474 1945 1228 
1282 1151 1840 1172 1868 1699 1488 1681 1947 1352 0 1985 1836 2041 1984 1424 1095 1248 1166 1987 2006 1786 1448 1684 1189 1140 1806 1980 1726 1892 1905 1145 
1908 1731 1032 1346 1472 1787 1122 1420 1181 1412 1985 0 1879 1644 1484 1885 1382 1831 1407 1695 1377 1041 2038 1521 1512 1727 1389 1730 1909 1675 2012 1679 
1578 1511 1350 1242 1915 1568 1966 1116 1923 1530 1836 1879 0 1864 1729 1971 1173 1723 1758 1131 1443 1361 1044 1764 1477 1921 1571 1663 1419 1596 1710 1251 
1083 1074 1278 1688 1925 1191 1395 1503 1236 1401 2041 1644 1864 0 1033 2023 1136 1942 1168 1982 1356 1783 1622 1789 1560 1889 1193 1869 1728 1296 1670 1914 
1572 1769 1416 1792 1459 1405 1913 1121 1491 1766 1984 1484 1729 1033 0 1100 1804 1821 1672 1755 1492 1149 1682 1222 1535 1047 1212 2042 1562 1403 1819 1741 
1081 1922 1437 1873 1926 1134 1073 1249 1981 1256 1424 1885 1971 2023 1100 0 1812 1132 1742 1878 1668 1130 1824 1948 1924 2026 1554 1733 1272 1194 1630 1200 
1602 1217 1735 1174 1737 1326 1527 1573 1438 1917 1095 1382 1173 1136 1804 1812 0 1246 1986 1270 1209 1621 1639 1574 2028 1754 1117 2010 1465 1646 1686 1154 
1850 1320 1269 2037 2035 1333 1293 1218 1937 1500 1248 1831 1723 1942 1821 1132 1246 0 1378 1739 1157 1357 1485 1714 1183 1620 1169 1628 1243 1724 2027 1760 
1928 1523 1375 1916 1640 1092 1369 1997 2013 1745 1166 1407 1758 1168 1672 1742 1986 1378 0 1292 1216 1306 1192 1442 1078 1874 1946 1531 1387 1171 1938 2031 
1467 1336 1351 1150 1240 1747 1978 1379 1999 1079 1987 1695 1131 1982 1755 1878 1270 1739 1292 0 1551 1920 1797 1616 1544 1338 1934 1317 1290 1606 1599 1026 
1899 1607 1264 2007 1748 1698 1348 1598 1316 1508 2006 1377 1443 1356 1492 1668 1209 1157 1216 1551 0 1910 1337 2020 1372 1749 1408 1498 1308 1137 1904 1402 
1260 1564 1119 1750 1514 1204 1037 1547 1245 1950 1786 1041 1361 1783 1149 1130 1621 1357 1306 1920 1910 0 1838 1144 1312 1185 1475 1708 1642 1767 1274 1088 
1847 1707 1906 1959 1507 1539 1584 1153 1391 1450 1448 2038 1044 1622 1682 1824 1639 1485 1192 1797 1337 1838 0 1471 1803 1090 1430 1826 1752 1182 1809 1799 
1426 1239 1291 1667 1335 1277 1777 1614 1936 1342 1684 1521 1764 1789 1222 1948 1574 1714 1442 1616 2020 1144 1471 0 1842 2022 1518 1344 1732 1414 1770 1461 
1795 2015 1057 1825 1827 1845 1045 1692 1595 1451 1189 1512 1477 1560 1535 1924 2028 1183 1078 1544 1372 1312 1803 1842 0 1024 1080 1076 1638 1600 1940 1631 
1413 1275 1374 1061 1671 1066 1648 1649 1146 1445 1140 1727 1921 1889 1047 2026 1754 1620 1874 1338 1749 1185 1090 2022 1024 0 1399 1853 1190 1075 2045 1703 
1180 1580 1259 1161 1593 1436 1841 1394 1532 1555 1806 1389 1571 1193 1212 1554 1117 1169 1946 1934 1408 1475 1430 1518 1080 1399 0 1429 1201 1773 1669 1661 
1579 1712 1035 1805 2025 1796 1567 1601 1464 1343 1980 1730 1663 1869 2042 1733 2010 1628 1531 1317 1498 1708 1826 1344 1076 1853 1429 0 1205 1647 1025 1039 
1469 1483 1115 1301 1877 1970 1486 1717 1406 1891 1726 1909 1419 1728 1562 1272 1465 1243 1387 1290 1308 1642 1752 1732 1638 1190 1201 1205 0 1863 1447 1813 
1295 1093 1933 1590 1152 1331 1280 1054 1404 1474 1892 1675 1596 1296 1403 1194 1646 1724 1171 1606 1137 1767 1182 1414 1600 1075 1773 1647 1863 0 1225 1226 
1286 1577 1958 1199 1632 1071 1409 2046 1358 1945 1905 2012 1710 1670 1819 1630 1686 2027 1938 1599 1904 1274 1809 1770 1940 2045 1669 1025 1447 1225 0 1857 
1976 1823 1510 1329 1258 1829 1955 1865 1142 1228 1145 1679 1251 1914 1741 1200 1154 1760 2031 1026 1402 1088 1799 1461 1631 1703 1661 1039 1813 1226 1857 0