24
0 927 786 805 1033 944 846 600 707 1103 907 1107 1091 875 780 1007 1035 820 1057 1144 903 739 1109 933 
927 0 596 845 848 733 658 946 863 795 630 632 1086 745 928 1099 625 948 792 982 814 760 626 872 
786 596 0 1011 612 577 885 1092 647 1105 1143 1076 798 988 1048 890 610 1108 772 909 737 1111 650 735 
805 845 1011 0 1006 837 1115 690 1005 858 618 782 699 857 1112 1038 1042 981 675 978 779 1010 940 1146 
1033 848 612 1006 0 603 826 990 999 667 651 1126 682 1046 797 714 620 1125 851 975 705 1101 924 719 
944 733 577 837 603 0 646 726 817 589 1066 913 993 1121 882 902 671 942 956 1028 698 582 1122 824 
846 658 885 1115 826 646 0 962 1139 803 952 970 679 838 856 599 844 615 1063 1040 1054 655 926 1090 
600 946 1092 690 990 726 962 0 968 800 624 587 819 588 1067 862 741 770 787 664 836 644 766 847 
707 863 647 1005 999 817 1139 968 0 849 1096 593 754 939 1051 868 796 628 755 729 1025 954 972 622 
1103 795 1105 858 667 589 803 800 849 0 687 1082 893 918 621 634 1129 1070 1043 769 1074 773 906 910 
907 630 1143 618 651 1066 952 624 1096 687 0 783 613 1079 967 685 1065 1132 790 584 1030 905 922 1098 
1107 632 1076 782 1126 913 970 587 593 1082 783 0 901 764 879 1047 1104 758 996 1056 648 788 958 930 
1091 1086 798 699 682 993 679 819 754 893 613 901 0 748 1049 869 979 583 601 960 896 1026 934 781 
875 745 988 857 1046 1121 838 588 939 918 1079 764 748 0 638 1018 959 859 643 822 1150 1127 753 581 
780 928 1048 1112 797 882 856 1067 1051 621 967 879 1049 638 0 1031 1145 923 854 750 823 696 864 929 
1007 1099 890 1038 714 902 599 862 868 634 685 1047 869 1018 1031 0 830 732 688 1055 661 1037 592 1131 
1035 625 610 1042 620 671 844 741 796 1129 1065 1104 979 959 1145 830 0 793 652 702 713 920 715 717 
820 948 1108 981 1125 942 615 770 628 1070 1132 758 583 859 923 732 793 0 619 668 1034 785 616 898 
1057 792 772 675 851 956 1063 787 755 1043 790 996 601 643 854 688 652 619 0 683 1100 611 680 994 
1144 982 909 978 975 1028 1040 664 729 769 584 1056 960 822 750 1055 702 668 683 0 997 842 808 802 
903 814 737 779 705 698 1054 836 1025 1074 1030 648 896 1150 823 661 713 1034 1100 997 0 1106 694 670 
739 760 1111 1010 1101 582 655 644 954 773 905 788 1026 1127 696 1037 920 785 611 842 1106 0 964 1004 
1109 626 650 940 924 1122 926 766 972 906 922 958 934 753 864 592 715 616 680 808 694 964 0 752 
933 872 735 1146 719 824 1090 847 622 910 1098 930 781 581 929 1131 717 898 994 802 670 1004 752 0 